<?xml version="1.0"?>
<opencv_storage>
<distortion>
  7.65292645e-02 -1.02089502e-01 -7.94872083e-03 4.94625361e-04
  -6.43531024e-01</distortion>
<desvioPadrao>
  3.86175551e-02 4.70128387e-01 2.47152755e-03 1.85628003e-03
  1.75435507e+00</desvioPadrao>
</opencv_storage>
