<?xml version="1.0"?>
<opencv_storage>
<tvecs type_id="opencv-matrix">
  <rows>3</rows>
  <cols>1</cols>
  <dt>d</dt>
  <data>
    -9.6968489036781307e+00 -7.1369247052869671e+00
    3.2447097039341180e+01</data></tvecs>
<rvecs type_id="opencv-matrix">
  <rows>3</rows>
  <cols>1</cols>
  <dt>d</dt>
  <data>
    -3.0318159019404253e-02 -2.3512021649481237e-02
    -2.9651282733714698e-02</data></rvecs>
</opencv_storage>
