<?xml version="1.0"?>
<opencv_storage>
<intrinsic type_id="opencv-matrix">
  <rows>3</rows>
  <cols>3</cols>
  <dt>d</dt>
  <data>
    6.9052472044818387e+02 0. 320. 0. 6.9167863575865761e+02 240. 0. 0.
    1.</data></intrinsic>
<desvioPadrao type_id="opencv-matrix">
  <rows>3</rows>
  <cols>3</cols>
  <dt>d</dt>
  <data>
    2.1618799301036070e+01 0. 0. 0. 2.1788599928296509e+01 0. 0. 0. 0.</data></desvioPadrao>
</opencv_storage>
