<?xml version="1.0"?>
<opencv_storage>
<distortion>
  3.14731412e-02 1.40611005e+00 -5.57702873e-03 4.13239095e-03
  -1.28086643e+01</distortion>
<desvioPadrao>
  1.25822380e-01 2.76546574e+00 2.34683021e-03 3.64599284e-03
  1.96213531e+01</desvioPadrao>
</opencv_storage>
