<?xml version="1.0"?>
<opencv_storage>
<distortion>
  9.24937725e-02 -3.76114041e-01 -4.30039503e-03 2.04810029e-04
  4.02823925e-01</distortion>
<desvioPadrao>
  4.92963381e-02 5.74411690e-01 3.20360181e-03 3.97065468e-03
  2.28001404e+00</desvioPadrao>
</opencv_storage>
